0.12  Colon 7600 7601 7602 7800 7801 7802 8000 8001 8002 8200 8201 8202 8400 8401 8402 8600 8601 8602
0     Colon(target) 7601 7801 8001 8201 8401 8601
0.12  Lungs 9700 9900
0.12  Stomach 7200 7201 7202 7203
0     Stomach(target) 7201
0.12  Breasts 6200 6300 6400 6500
0.08  Gonads 12900 13000
0.04  UB 13700 13701
0     UB(target) 13701
0.04  Oesophagus 11000 11001 11002
0     Oesophagus(target) 11001
0.04  Liver 9500
0.04  Thyroid 13200
0.01  Brain 6100
0.01  SalivaryGlands 12000 12100
0     Skin 12200 12201 12300 12301 12400 12401 12500 12501
0.01  Skin(target) 12201 12301 12401 12501
0.00857142857142857  Adrenal 100 200
8.57142857142857E-06 ET1 300 301 302 303
0.00856285714285714  ET2 400 401 402 403 404 405
0     ET1(target) 302
0     ET2(target) 402
0.00857142857142857 GallBladder 7000
0.00857142857142857 Heart 8700
0.00857142857142857 Kidneys 8900 9000 9100 9200 9300 9400
0.00857142857142857 LymphNodes 10000 10100 10200 10300 10400 10500
0.00857142857142857 Muscle 10600 10700 10800 10900
0.00857142857142857 OralMucosa 500 501 600
0.00857142857142857 Pancreas 11300
0.00857142857142857 Prostate/Uterus 11500 13900
0.00857142857142857 SI 7400 7401 7402 7403
0     SI(target) 7401
0.00857142857142857 Spleen 12700
0.00857142857142857 Thymus 13100
0     EyeLens 6600 6601 6800 6801
0     RST 11600 11700 11800 11900
